3,2
10,174
10,261
10,221
10,227
10,126
10,160
10,299
11,8
11,19
20,3
20,2
20,1
19,3
19,2
19,1
12,3
12,2
12,1
11,30
11,29
11,28
11,27
11,26
11,25
11,24
11,23
11,22
11,21
11,20
11,18
11,17
11,16
11,15
11,14
11,13
11,12
11,11
11,10
11,6
11,5
11,4
11,3
11,2
11,1
10,314
10,313
10,312
10,311
10,310
10,309
10,308
10,307
10,306
10,305
10,304
10,303
10,302
10,292
10,290
10,281
10,277
10,255
10,253
10,250
10,238
10,232
10,226
10,218
18,1
10,217
10,212
18,3
10,131
10,124
10,107
10,75
10,26
14,1
10,24
10,23
14,3
10,21
13,1
10,16
10,7
10,3
13,3
10,2
10,1
9,7
9,6
9,5
9,4
9,3
9,2
9,1
8,18
8,17
8,16
8,15
8,14
8,12
8,11
